image: expl_real.pgm
resolution: 0.050000
origin: [-3.035368, -2.591263, 0.000000]
negate: 0
occupied_thresh: 0.65
free_thresh: 0.196

